0,469
0,386
87,4
87,3
87,2
87,1
87,0
0,278
86,4
86,3
86,2
0,9
86,1
86,0
85,35
0,273
0,270
10,74
10,22
10,24
10,292
10,230
10,272
10,314
10,240
10,3
11,11
11,7
11,10
9,6
9,4
8,9
8,16
8,11
8,6
84,4
84,3
84,2
84,1
84,0
83,4
83,3
83,2
83,1
83,0
66,3
66,2
66,1
66,0
20,3
20,2
20,1
19,3
19,2
19,1
18,3
18,1
14,3
14,1
13,3
13,1
12,3
12,2
12,1
11,30
11,29
11,28
11,27
11,26
11,25
11,24
11,23
11,22
11,21
11,20
11,19
11,18
11,17
11,16
11,15
11,14
11,13
11,12
11,6
11,5
11,3
11,2
11,1
10,311
10,301
10,296
10,290
10,289
10,287
10,283
10,280
10,276
10,265
10,255
10,227
